-0.000000000000000000e+00
-2.092043885611985843e+00
-1.044700176077369091e+00
-0.000000000000000000e+00
1.044699944690170579e+00
2.091997009481414871e+00
-3.141592653589793116e+00
-2.613975906555672690e+00
-2.488163471321329201e+00
-2.299281988474159544e+00
-2.392932804828498128e+00
-2.833526341250059755e+00
-2.927560695329005647e+00
-2.740307630181051834e+00
-1.562554123077296131e+00
-1.685801333257833656e+00
-1.433434870051712107e+00
-1.251765003280130184e+00
-1.345110037302806649e+00
-1.783366763092113727e+00
-1.873734977461449125e+00
-5.193747550945592151e-01
-8.275016593610211579e-01
-6.395469507283619848e-01
-3.933768976361416980e-01
-2.105513423331016321e-01
-3.040468472344334261e-01
-7.399317739085016221e-01
