4.720000000017525660e-06
2.164328324055529024e-02
2.170391703726644653e-02
2.173851209529484643e-02
2.170390838748965587e-02
2.164503043515514716e-02
2.161928407925059817e-02
6.697526727685607084e-02
8.626304126345701873e-02
7.041608037882012006e-02
4.969535680671334499e-02
4.947685067565594369e-02
7.016414511295959722e-02
8.608123730767233694e-02
6.746107724760015689e-02
8.680838388404474304e-02
8.708562894919175124e-02
7.108478094587318552e-02
4.995819331381957246e-02
4.977588226200796440e-02
7.064786434048432595e-02
6.792822719376809260e-02
7.133957137180541030e-02
8.785831730156631880e-02
8.775635060794918785e-02
7.136608695330408370e-02
5.007351791334184454e-02
5.013064961546131321e-02
